1766
1895
1817
1797
1808
inconnue
1772
1774
1886
1898
1807
1755
1825
1824
1669
inconnue
1774
1894
1807
1808
1879
1791
1801
1797
1774
inconnue
1735
1751
inconnue
inconnue
1875
1886
v. 1250
1817
1826
1898
1861
1790
1794
1789
1801
1778
1937
1844
1803
1803
inconnue
1817
1863
inconnue
inconnue
1782
1811
1898
1860
1808
1839
1803
1895
1895
1945
1879
1901
1880
1843
1886
1879
1842
1879
1878
1907
1923
1802
1783
1925
1803
1803
1557
inconnue
inconnue
1861
inconnue
1540
1898
1940
1900
1939
1898
1899
1829
1917
1789
1940
1940
1944
1944
1949
1950
1952
1952
1955
1958/66
1961/71
1964/69
1967/70
1974
1976/81
1984
1982
1994
1994
1996
2004
2004
2010
2004
2010
2006
